%YAML:1.0
# Fiducial
fiducial:
   templates:
      - !!opencv-matrix
         rows: 20
         cols: 1
         dt: "3f"
         data: [ -72.0,-54.0,0.0, -36.0,-54.0,0.0, 0.0,-54.0,0.0, 36.0,-54.0,0.0, 72.0,-54.0,0.0,
                 -72.0,-18.0,0.0, -36.0,-18.0,0.0, 0.0,-18.0,0.0, 36.0,-18.0,0.0, 72.0,-18.0,0.0,
                 -72.0,18.0,0.0, -36.0,18.0,0.0, 0.0,18.0,0.0, 36.0,18.0,0.0, 72.0,18.0,0.0,
                 -72.0,54.0,0.0, -36.0,54.0,0.0, 0.0,54.0,0.0, 36.0,54.0,0.0, 72.0,54.0,0.0 ]
   corner_counts:
      -
         width: 5
         height: 4
